Date,Open,High,Low,Close,Volume
2023-10-05,1452.0,1475.65,1450.2,1463.45,7384621
2023-10-06,1469.5,1484.5,1463.3,1478.7,3598672
2023-10-09,1464.9,1491.0,1462.2,1475.45,3567552
2023-10-10,1483.9,1497.0,1469.1,1495.15,5688951
2023-10-11,1497.0,1518.25,1481.45,1494.4,7220129
2023-10-12,1491.9,1504.4,1452.0,1465.5,11081662
2023-10-13,1405.0,1438.0,1400.0,1431.15,17973439
2023-10-16,1432.1,1443.6,1430.0,1434.15,4850745
2023-10-17,1440.25,1453.35,1438.05,1442.45,3923764
2023-10-18,1442.0,1454.0,1438.35,1440.55,4264837
2023-10-19,1426.1,1439.65,1426.1,1433.65,6795691
2023-10-20,1430.0,1438.5,1425.25,1427.25,3928622
2023-10-23,1425.6,1432.35,1405.25,1408.65,2636516
2023-10-25,1399.0,1402.55,1361.3,1370.05,6940777
2023-10-26,1355.05,1374.0,1353.1,1359.45,6357656
2023-10-27,1363.65,1385.0,1363.65,1380.35,4634358
2023-10-30,1380.35,1380.35,1363.1,1377.05,2667696
2023-10-31,1379.95,1381.15,1363.0,1368.4,3451595
2023-11-01,1373.05,1377.45,1351.65,1354.15,3090672
2023-11-02,1370.0,1376.3,1361.65,1370.15,3758060
2023-11-03,1380.05,1392.0,1377.75,1389.05,3349045
2023-11-06,1393.9,1407.25,1390.8,1403.3,2736381
2023-11-07,1400.0,1405.9,1394.85,1404.3,2272209
2023-11-08,1405.0,1405.0,1386.45,1391.0,3550635
2023-11-09,1395.9,1397.5,1370.05,1374.8,5498051
2023-11-10,1369.95,1373.15,1361.0,1368.85,2943649
2023-11-12,1380.05,1389.1,1380.05,1388.2,572298
2023-11-13,1379.85,1382.45,1370.85,1373.55,3462092
2023-11-15,1399.0,1414.0,1393.0,1410.5,8551860
2023-11-16,1416.1,1453.4,1410.6,1444.9,6673907
2023-11-17,1441.05,1451.0,1435.05,1437.55,4901251
2023-11-20,1442.0,1452.0,1433.65,1436.6,3584210
2023-11-21,1442.0,1450.0,1436.75,1439.0,3793135
2023-11-22,1436.2,1458.95,1436.2,1457.8,3108786
2023-11-23,1467.9,1467.9,1447.7,1449.25,3186928
2023-11-24,1445.55,1452.65,1433.85,1437.4,2973195
2023-11-28,1444.0,1445.0,1427.05,1442.7,3755373
2023-11-29,1451.1,1460.7,1449.8,1459.6,3875778
2023-11-30,1453.25,1460.65,1449.55,1455.15,10120867
2023-12-01,1459.9,1459.9,1446.15,1452.3,3489187
2023-12-04,1460.45,1471.9,1449.3,1464.35,5511948
2023-12-05,1465.8,1466.9,1442.0,1453.95,5123039
2023-12-06,1456.75,1477.0,1451.05,1474.3,5269178
2023-12-07,1472.85,1472.85,1461.8,1465.9,4424453
2023-12-08,1470.4,1494.7,1466.25,1491.15,6323433
2023-12-11,1490.0,1498.0,1482.0,1488.5,3862018
2023-12-12,1477.5,1490.0,1467.65,1476.05,6103494
2023-12-13,1476.0,1476.05,1433.15,1449.0,8549258
2023-12-14,1463.4,1511.0,1461.35,1501.45,12489858
2023-12-15,1523.05,1588.55,1521.0,1578.4,18395389
2023-12-18,1567.95,1593.0,1560.3,1564.35,6467243
2023-12-19,1570.1,1573.95,1543.25,1558.3,4221721
2023-12-20,1565.05,1583.5,1530.0,1536.4,6592367
2023-12-21,1521.25,1546.65,1521.25,1536.0,5319038
2023-12-22,1534.95,1566.0,1523.0,1562.9,6741060
2023-12-26,1535.0,1548.0,1523.0,1543.95,6878067
2023-12-27,1544.0,1570.0,1544.0,1567.1,4225849
2023-12-28,1568.95,1568.95,1555.0,1562.65,5702253
2023-12-29,1541.05,1559.45,1540.0,1542.9,4388990
2024-01-01,1539.0,1557.0,1535.25,1551.35,2808451
2024-01-02,1546.0,1549.15,1523.0,1534.4,5396313
2024-01-03,1519.95,1519.95,1488.0,1490.0,7550363
2024-01-04,1504.95,1519.75,1492.9,1512.7,7056038
2024-01-05,1506.75,1539.7,1506.25,1532.55,8895403
2024-01-08,1528.95,1536.0,1513.25,1522.8,4440136
2024-01-09,1541.9,1553.0,1525.85,1529.3,4412074
2024-01-10,1524.95,1535.45,1505.0,1519.9,4096845
2024-01-11,1524.9,1525.0,1486.6,1494.2,11296088
2024-01-12,1562.0,1618.0,1555.4,1612.75,26754401
2024-01-15,1644.95,1664.95,1636.0,1652.1,13228305
2024-01-16,1644.8,1648.5,1625.0,1631.55,6500917
2024-01-17,1620.25,1647.5,1620.25,1640.2,9209876
2024-01-18,1642.65,1649.0,1628.25,1642.6,6375464
2024-01-19,1651.6,1665.5,1644.15,1659.2,4522736
2024-01-20,1665.55,1669.25,1645.0,1648.85,1158144
2024-01-23,1650.1,1674.7,1637.7,1642.15,9401255
2024-01-24,1659.9,1680.0,1645.0,1675.4,8999681
2024-01-25,1672.95,1680.55,1658.0,1669.1,8865304
2024-01-29,1665.15,1679.35,1647.6,1656.6,4253785
2024-01-30,1662.45,1690.0,1648.25,1651.45,4995943
2024-01-31,1648.25,1667.25,1638.1,1660.9,6763779
2024-02-01,1659.55,1677.0,1650.35,1657.05,5760011
2024-02-02,1666.05,1718.5,1665.0,1693.35,7858483
2024-02-05,1694.75,1700.75,1681.85,1687.2,3634135
2024-02-06,1686.75,1733.0,1673.95,1729.45,7694265
2024-02-07,1729.0,1729.0,1686.85,1693.75,4613877
2024-02-08,1698.0,1706.35,1682.8,1692.1,5919715
2024-02-09,1684.7,1692.9,1659.8,1669.35,4600004
2024-02-12,1670.35,1692.95,1670.35,1680.1,3555808
2024-02-13,1683.0,1689.1,1663.5,1684.55,2696481
2024-02-14,1660.2,1669.45,1635.5,1666.2,3768579
2024-02-15,1677.0,1687.75,1661.6,1676.35,4834391
2024-02-16,1689.0,1709.0,1687.95,1701.65,4880654
2024-02-19,1705.0,1711.5,1687.7,1699.75,3690993
2024-02-20,1685.0,1694.25,1668.75,1685.25,3706389
2024-02-21,1674.0,1674.0,1645.3,1655.55,4300508
2024-02-22,1665.0,1684.6,1644.4,1681.35,5841277
2024-02-23,1697.0,1698.45,1671.9,1676.85,5373072
2024-02-26,1674.95,1674.95,1645.0,1660.15,2782438
2024-02-27,1661.0,1671.1,1652.8,1663.6,5159088
2024-02-28,1670.0,1687.8,1662.05,1671.25,3188916
2024-02-29,1665.0,1682.25,1653.3,1673.9,7814722
2024-03-01,1669.0,1671.95,1651.0,1654.7,6387291
2024-03-02,1658.85,1665.0,1654.05,1656.3,292153
2024-03-04,1657.85,1664.45,1633.65,1637.2,4445156
2024-03-05,1634.0,1637.35,1602.0,1606.5,4596579
2024-03-06,1602.8,1620.15,1576.0,1617.55,6420684
2024-03-07,1616.6,1628.45,1604.2,1616.45,6348359
2024-03-11,1608.15,1613.8,1588.0,1600.6,6752895
2024-03-12,1600.0,1625.0,1597.65,1612.95,4614222
2024-03-13,1612.9,1624.5,1598.55,1611.4,5688997
2024-03-14,1614.4,1657.75,1608.0,1653.3,8803799
2024-03-15,1641.1,1645.8,1618.35,1634.0,11809997
2024-03-18,1630.0,1632.65,1598.85,1602.65,4958904
2024-03-19,1592.35,1599.0,1558.0,1561.45,6870411
2024-03-20,1563.0,1574.95,1552.35,1554.95,4759059
2024-03-21,1564.0,1576.95,1543.4,1554.7,11062497
2024-03-22,1521.0,1528.9,1498.2,1508.85,14673890
2024-03-26,1492.0,1507.45,1487.9,1492.65,8351081
2024-03-27,1496.0,1499.0,1481.55,1483.85,6857402
2024-03-28,1487.15,1511.8,1487.15,1498.05,12499530
2024-04-01,1525.0,1529.95,1492.8,1495.45,6580002
2024-04-02,1484.85,1493.15,1480.85,1482.85,7279400
2024-04-03,1479.0,1495.1,1475.0,1480.65,8736248
2024-04-04,1490.55,1495.65,1468.0,1486.7,11186915
2024-04-05,1480.05,1486.7,1476.05,1479.1,5072482
2024-04-08,1483.0,1490.95,1474.1,1476.7,6610887
2024-04-09,1490.0,1513.8,1487.3,1494.85,9423230
2024-04-10,1500.35,1509.85,1484.55,1506.8,6744595
2024-04-12,1504.0,1506.8,1479.5,1484.75,12275616
2024-04-15,1480.0,1491.95,1461.05,1468.15,8531224
2024-04-16,1451.0,1455.15,1413.05,1414.45,16173541
2024-04-18,1421.1,1444.7,1407.5,1419.25,22107945
2024-04-19,1385.0,1426.85,1378.75,1411.25,20603621
2024-04-22,1419.9,1436.85,1413.05,1432.75,5859087
2024-04-23,1443.0,1446.85,1433.0,1442.4,4856174
2024-04-24,1444.3,1444.3,1427.05,1430.75,4268213
2024-04-25,1420.0,1444.9,1420.0,1438.45,9089398
2024-04-26,1439.7,1445.4,1427.0,1430.25,8062444
2024-04-29,1429.95,1439.8,1428.25,1434.75,5055957
2024-04-30,1434.7,1436.55,1417.55,1420.55,6936588
2024-05-02,1413.0,1424.0,1411.85,1414.45,10076354
2024-05-03,1422.1,1424.8,1403.2,1416.3,8842345
2024-05-06,1420.0,1445.7,1417.1,1425.9,6445422
2024-05-07,1424.95,1443.35,1415.6,1440.95,6080661
2024-05-08,1435.25,1439.75,1425.6,1427.3,6234983
2024-05-09,1427.55,1449.95,1424.85,1439.55,6088406
2024-05-10,1435.05,1435.95,1413.0,1424.9,8777481
2024-05-13,1425.0,1425.0,1411.2,1423.45,3735954
2024-05-14,1426.4,1433.75,1418.05,1424.7,3463230
2024-05-15,1426.0,1431.8,1418.55,1419.95,4327544
2024-05-16,1433.95,1455.75,1427.0,1453.35,9249145
2024-05-17,1457.0,1457.0,1439.25,1444.3,7542860
2024-05-18,1445.0,1450.0,1442.0,1443.65,318277
2024-05-21,1430.0,1444.7,1428.4,1434.15,6752663
2024-05-22,1428.75,1459.95,1428.0,1454.8,7173285
2024-05-23,1454.7,1478.15,1450.0,1472.4,8641428
2024-05-24,1468.25,1475.5,1460.0,1465.1,5277938
2024-05-27,1471.85,1479.6,1460.25,1471.35,5821844
2024-05-28,1475.5,1476.0,1460.3,1467.05,6186922
2024-05-29,1465.4,1465.5,1450.0,1450.95,7401634
2024-05-30,1442.8,1449.85,1421.55,1427.45,9663150
2024-05-31,1409.8,1436.75,1400.0,1406.9,37113815
2024-06-03,1440.0,1440.0,1404.0,1405.9,10589244
2024-06-04,1409.0,1415.0,1358.35,1393.65,13736134
2024-06-05,1400.15,1438.0,1400.15,1430.1,9233424
2024-06-06,1444.95,1474.3,1437.5,1472.25,12660930
2024-06-07,1481.0,1539.7,1477.25,1533.6,24075302
2024-06-10,1525.3,1529.8,1497.3,1499.75,6810606
2024-06-11,1500.05,1506.45,1493.95,1495.75,4853054
2024-06-12,1507.0,1508.75,1482.75,1485.2,9564320
2024-06-13,1495.0,1505.0,1489.35,1493.95,7307565
2024-06-14,1503.7,1503.7,1486.05,1488.9,4237727
2024-06-18,1497.0,1507.0,1495.4,1498.2,5420939
2024-06-19,1505.0,1515.65,1496.7,1511.35,5493456
2024-06-20,1516.3,1517.5,1499.1,1515.4,7927010
2024-06-21,1545.0,1557.75,1523.7,1532.7,17301941
2024-06-24,1524.55,1529.1,1515.4,1527.15,5564989
2024-06-25,1526.0,1543.9,1520.35,1541.95,4551525
2024-06-26,1541.0,1548.85,1535.0,1540.7,4851004
2024-06-27,1538.45,1578.4,1532.05,1573.35,14757754
2024-06-28,1572.55,1588.5,1564.25,1566.75,8197544
2024-07-01,1559.5,1599.9,1559.5,1590.8,6801771
2024-07-02,1596.2,1633.8,1586.5,1621.05,10493173
2024-07-03,1625.0,1636.0,1606.0,1627.4,7269965
2024-07-04,1628.2,1660.0,1628.0,1650.65,8008311
2024-07-05,1651.45,1665.85,1633.35,1647.45,7065022
2024-07-08,1643.1,1666.0,1640.0,1661.65,5880533
2024-07-09,1659.9,1666.75,1651.0,1657.15,5191182
2024-07-10,1657.0,1674.0,1637.55,1648.25,9852770
2024-07-11,1656.0,1665.0,1642.05,1652.7,8857679
2024-07-12,1680.0,1719.75,1666.65,1711.75,17078316
2024-07-15,1726.2,1728.0,1702.65,1707.05,6942230
2024-07-16,1718.6,1737.9,1700.0,1726.05,6886281
2024-07-18,1719.0,1765.4,1719.0,1758.05,11248896
2024-07-19,1844.0,1844.0,1786.45,1792.95,29819116
2024-07-22,1800.15,1823.0,1792.95,1810.85,8462126
2024-07-23,1810.0,1839.95,1783.25,1836.9,7113056
2024-07-24,1837.5,1842.35,1819.6,1833.95,6002845
2024-07-25,1820.0,1830.9,1812.0,1824.85,5815599
2024-07-26,1825.35,1883.0,1825.35,1878.9,11369047
2024-07-29,1893.6,1903.0,1864.0,1871.1,4635931
2024-07-30,1871.1,1879.95,1860.0,1877.15,2721265
2024-07-31,1877.0,1885.15,1865.05,1868.25,5004209
2024-08-01,1856.1,1867.9,1845.1,1852.6,7475014
2024-08-02,1843.0,1859.5,1816.15,1821.2,7400938
2024-08-05,1784.95,1797.5,1718.55,1751.9,10736703
2024-08-06,1760.2,1796.95,1744.85,1751.1,7690163
2024-08-07,1796.0,1797.9,1762.1,1791.65,5094329
2024-08-08,1779.95,1779.95,1727.1,1743.15,6227910
2024-08-09,1771.25,1780.75,1756.0,1770.75,4258524
2024-08-12,1773.05,1803.5,1768.1,1797.4,4315329
2024-08-13,1810.0,1810.0,1789.05,1797.45,4176918
2024-08-14,1802.0,1825.0,1797.45,1823.25,7450718
2024-08-16,1850.0,1861.85,1829.5,1858.95,7335657
2024-08-19,1860.0,1867.55,1849.2,1864.8,2585989
2024-08-20,1880.0,1885.7,1868.2,1872.2,3870333
2024-08-21,1875.1,1879.0,1867.1,1872.7,1966902
2024-08-22,1884.0,1893.65,1869.7,1880.25,4300287
2024-08-23,1878.2,1882.6,1857.0,1862.1,5015935
2024-08-26,1870.0,1888.75,1864.0,1876.15,3728589
2024-08-27,1876.15,1902.75,1873.9,1900.1,3830679
2024-08-28,1906.9,1951.0,1897.4,1939.1,6514531
2024-08-29,1933.0,1950.5,1920.9,1933.35,7228284
2024-08-30,1938.0,1950.0,1928.0,1943.7,13466759
2024-09-02,1943.35,1975.75,1942.8,1964.5,5573739
2024-09-03,1967.0,1967.0,1936.45,1941.25,4694322
2024-09-04,1921.1,1927.2,1900.05,1922.45,4778310
2024-09-05,1926.25,1940.0,1909.6,1933.15,4081810
2024-09-06,1922.0,1936.5,1896.85,1901.85,5848106
2024-09-09,1890.0,1920.85,1889.0,1894.65,4772612
2024-09-10,1904.9,1935.0,1896.0,1912.3,6909600
2024-09-11,1914.7,1926.0,1905.0,1910.15,5312946
2024-09-12,1925.0,1956.4,1910.8,1950.45,8555092
2024-09-13,1950.45,1958.6,1935.65,1944.1,3843127
2024-09-16,1945.75,1952.0,1933.05,1950.25,1570181
2024-09-17,1947.75,1958.45,1942.15,1952.55,2793127
2024-09-18,1938.75,1938.75,1881.3,1892.15,6385468
2024-09-19,1910.6,1924.9,1878.8,1894.2,7976570
2024-09-20,1905.0,1915.0,1867.4,1905.75,15242974
2024-09-23,1909.0,1918.9,1878.45,1896.45,3636672
2024-09-24,1888.0,1910.9,1871.4,1898.6,7277616
2024-09-25,1886.35,1901.6,1876.8,1895.3,4268341
2024-09-26,1897.8,1917.95,1893.0,1900.25,8952803
2024-09-27,1932.1,1974.6,1903.3,1906.75,14908931
2024-09-30,1880.0,1901.25,1870.5,1875.6,6986955
2024-10-01,1875.0,1908.95,1875.0,1904.35,4029072
2024-10-03,1889.5,1911.85,1881.0,1893.4,7503887
2024-10-04,1889.55,1954.1,1886.0,1918.15,10001483
2024-10-07,1923.2,1942.0,1916.05,1934.3,6112575
2024-10-08,1937.9,1957.95,1906.35,1948.55,5637391
2024-10-09,1952.55,1977.0,1945.1,1952.75,4857163
2024-10-10,1957.9,1964.0,1914.1,1919.0,4782119
2024-10-11,1918.0,1947.0,1910.1,1935.1,4709431
2024-10-14,1932.15,1969.5,1931.1,1958.9,3751378
2024-10-15,1960.0,1991.45,1951.75,1959.3,5353705
2024-10-16,1955.0,1959.55,1916.35,1920.1,3111512
2024-10-17,1935.2,1978.0,1930.15,1968.1,8162822
2024-10-18,1893.8,1936.85,1869.25,1879.6,10526196
2024-10-21,1891.1,1898.8,1838.0,1852.75,4654601
2024-10-22,1858.2,1877.8,1846.95,1851.6,4125240
2024-10-23,1845.25,1886.0,1844.0,1873.4,4311910
2024-10-24,1861.4,1884.0,1860.0,1863.35,2906475
2024-10-25,1863.45,1876.35,1846.4,1862.05,4689120
2024-10-28,1859.7,1881.9,1857.0,1865.35,7018940
2024-10-29,1846.0,1851.6,1829.0,1839.3,4621252
2024-10-30,1832.0,1839.0,1796.35,1802.1,5919715
2024-10-31,1787.9,1787.9,1746.5,1757.25,7395236
2024-11-01,1764.5,1766.0,1752.05,1760.85,371966
2024-11-04,1724.5,1767.0,1718.0,1763.65,7336722
2024-11-05,1760.0,1768.45,1745.0,1754.2,3160880
2024-11-06,1764.0,1827.2,1762.65,1823.7,10421494
2024-11-07,1812.95,1825.7,1787.0,1803.05,4550965
2024-11-08,1818.0,1840.6,1813.15,1829.95,4210960
2024-11-11,1829.0,1868.0,1822.55,1860.1,3804234
2024-11-12,1871.1,1881.0,1861.0,1868.8,5012450
2024-11-13,1861.1,1873.2,1856.3,1868.4,4257495
2024-11-14,1865.6,1876.0,1856.0,1864.55,4311431
2024-11-18,1849.2,1849.2,1795.0,1811.45,4839244
2024-11-19,1825.5,1859.7,1820.55,1824.75,4669769
2024-11-21,1842.0,1867.0,1820.6,1834.05,5436504
2024-11-22,1854.1,1914.05,1834.0,1902.25,6301486
2024-11-25,1916.0,1919.3,1882.0,1889.7,12764638
2024-11-26,1904.95,1938.6,1897.3,1924.15,6850495
2024-11-27,1930.1,1941.4,1911.75,1924.5,4447143
2024-11-28,1914.9,1914.9,1851.65,1856.65,8468790
2024-11-29,1851.1,1877.0,1845.0,1857.85,5244346
2024-12-02,1859.0,1882.8,1835.2,1879.8,2868263
2024-12-03,1887.0,1899.75,1871.15,1892.1,4715792
2024-12-04,1884.0,1913.95,1875.0,1889.25,4705573
2024-12-05,1900.0,1949.9,1888.95,1934.85,9050038
2024-12-06,1932.8,1937.95,1912.4,1922.4,3573331
2024-12-09,1924.2,1930.2,1897.2,1923.65,4274645
2024-12-10,1939.0,1965.6,1932.0,1948.55,6174921
2024-12-11,1955.0,1978.0,1952.0,1974.15,5025612
2024-12-12,1975.2,1998.8,1970.55,1987.0,6462130
2024-12-13,1969.75,2006.45,1953.8,1999.7,5362693
2024-12-16,1995.45,1999.6,1977.6,1980.05,3119221
2024-12-17,1968.0,1982.0,1958.0,1976.6,5811050
2024-12-18,1966.8,1984.95,1961.6,1979.15,3064095
2024-12-19,1934.0,1959.75,1920.0,1946.2,5323592
2024-12-20,1975.15,1979.95,1911.25,1922.15,11056720
2024-12-23,1930.05,1940.0,1909.0,1924.3,2781793
2024-12-24,1927.05,1942.0,1840.0,1909.05,2360544
2024-12-26,1909.05,1919.75,1902.3,1907.4,3623321
2024-12-27,1909.4,1924.15,1903.9,1916.75,3937500
2024-12-30,1915.7,1916.0,1886.5,1906.0,7789055
2024-12-31,1892.3,1897.0,1845.05,1880.0,3613063
2025-01-01,1874.0,1892.95,1874.0,1882.5,1838368
2025-01-02,1887.0,1962.65,1885.3,1957.85,7083645
2025-01-03,1952.95,1952.95,1922.0,1938.75,6218003
2025-01-06,1952.0,1973.0,1928.0,1937.85,7164403
2025-01-07,1945.0,1958.55,1923.65,1930.85,4294832
2025-01-08,1930.0,1938.6,1888.75,1933.15,5482050
2025-01-09,1934.05,1951.85,1910.55,1917.3,6833503
2025-01-10,1937.0,1977.8,1932.25,1966.95,8036913
2025-01-13,1956.0,1982.8,1949.0,1962.2,5804152
2025-01-14,1968.85,1971.8,1931.1,1940.05,5792162
2025-01-15,1947.0,1958.05,1937.1,1949.65,2985439
2025-01-16,1965.95,1966.95,1916.85,1928.45,7533579
2025-01-17,1851.0,1858.0,1812.0,1815.45,16409953
2025-01-20,1822.95,1827.95,1793.15,1813.3,4333011
2025-01-21,1819.05,1831.65,1793.05,1800.7,7169109
2025-01-22,1807.4,1865.8,1805.15,1856.45,8373913
2025-01-23,1858.0,1879.55,1852.7,1865.45,5907471
2025-01-24,1865.5,1894.9,1864.25,1875.45,4887027
2025-01-27,1848.75,1863.0,1812.0,1822.0,7652371
2025-01-28,1830.0,1863.5,1824.9,1829.75,6999495
2025-01-29,1845.0,1888.65,1840.5,1881.25,5145155
2025-01-30,1873.15,1887.2,1844.0,1859.95,7336056
2025-01-31,1871.0,1897.45,1871.0,1879.8,5820470
2025-02-01,1880.3,1890.6,1846.0,1851.35,1701402
2025-02-03,1836.0,1876.55,1832.4,1863.3,4823228
2025-02-04,1889.0,1911.2,1875.0,1898.8,7334787
2025-02-05,1906.0,1919.7,1894.3,1897.05,4996744
2025-02-06,1917.0,1924.0,1900.0,1915.65,4765255
2025-02-07,1919.3,1923.7,1889.45,1903.65,4126260
2025-02-10,1905.0,1905.0,1878.6,1880.3,3828734
2025-02-11,1883.1,1903.0,1870.0,1875.65,4411601
2025-02-12,1885.0,1894.6,1847.0,1863.15,5633947
2025-02-13,1868.5,1873.5,1835.65,1843.25,5237744
2025-02-14,1854.0,1859.3,1828.35,1856.4,5292961
2025-02-17,1838.55,1852.75,1822.15,1842.3,4428956
2025-02-18,1842.3,1861.65,1837.6,1851.95,4365260
2025-02-19,1847.4,1849.2,1805.9,1810.8,4611411
2025-02-20,1805.55,1831.0,1805.55,1825.15,2218020
2025-02-21,1821.8,1829.85,1806.2,1815.0,3379879
2025-02-24,1800.05,1808.0,1750.25,1764.1,7594720
2025-02-25,1745.15,1778.45,1745.15,1767.7,5092963
2025-02-27,1755.2,1775.85,1751.1,1764.3,5757079
2025-02-28,1755.05,1755.1,1682.45,1687.7,12182167
2025-03-03,1692.3,1728.6,1692.3,1708.6,7504969
2025-03-04,1695.0,1699.0,1670.0,1688.3,6759673
2025-03-05,1692.45,1732.95,1692.45,1711.5,8180782
2025-03-06,1715.0,1722.3,1691.1,1715.85,10610547
2025-03-07,1703.1,1705.0,1675.5,1686.0,8019331
2025-03-10,1686.0,1719.0,1676.2,1701.45,7558981
2025-03-11,1680.0,1680.0,1637.05,1661.6,12671234
2025-03-12,1636.9,1636.9,1563.8,1590.85,14870008
2025-03-13,1599.25,1606.05,1570.3,1579.85,7822888
2025-03-17,1545.15,1594.0,1545.15,1590.05,7526032
2025-03-18,1597.65,1612.9,1582.35,1609.35,6298054
2025-03-19,1603.0,1603.0,1572.8,1586.55,7387068
2025-03-20,1592.0,1631.9,1592.0,1615.55,7186750
2025-03-21,1577.95,1603.9,1563.65,1592.55,10074677
2025-03-24,1597.95,1607.1,1572.7,1592.75,8857726
2025-03-25,1605.0,1636.15,1605.0,1628.45,9890140
2025-03-26,1626.0,1637.75,1595.0,1599.45,6651302
2025-03-27,1595.55,1619.95,1586.0,1603.55,9426573
2025-03-28,1590.0,1598.45,1560.0,1570.65,6799047
2025-04-01,1539.25,1547.4,1517.85,1526.5,12680733
2025-04-02,1535.2,1555.65,1535.2,1550.15,6193478
2025-04-03,1534.65,1534.65,1485.05,1496.5,10459504
2025-04-04,1460.5,1472.0,1448.0,1451.65,9590254
2025-04-07,1352.0,1405.9,1307.0,1396.75,21715252
2025-04-08,1431.0,1456.5,1415.0,1428.8,12805001
2025-04-09,1405.05,1409.45,1381.9,1403.7,8546854
2025-04-11,1411.25,1438.8,1397.05,1409.45,12567440
2025-04-15,1445.6,1447.7,1409.0,1426.0,10178530
2025-04-16,1425.0,1427.5,1396.8,1413.1,12022740
2025-04-17,1398.0,1429.8,1378.3,1419.5,14264227
2025-04-21,1410.0,1471.8,1410.0,1451.0,15648970
2025-04-22,1440.0,1440.0,1419.3,1422.8,9399738
2025-04-23,1446.0,1487.8,1439.6,1474.9,11136642
2025-04-24,1469.9,1482.9,1461.5,1471.4,7114292
2025-04-25,1475.5,1501.7,1463.5,1480.2,8329979
2025-04-28,1480.2,1489.6,1465.3,1482.1,5886253
2025-04-29,1482.0,1509.8,1474.1,1497.5,8056743
2025-04-30,1496.8,1508.8,1482.6,1500.1,7704183
2025-05-02,1499.7,1523.2,1496.2,1506.8,8733014
2025-05-05,1515.0,1523.0,1502.8,1508.6,4282493
2025-05-06,1506.0,1515.6,1499.1,1511.5,4270530
2025-05-07,1500.0,1518.8,1496.6,1508.3,5691799
2025-05-08,1508.0,1516.5,1501.2,1511.4,8424409
2025-05-09,1500.7,1511.4,1494.1,1507.6,4478653
2025-05-12,1537.0,1632.0,1532.0,1626.9,11372857
2025-05-13,1609.0,1612.2,1564.6,1568.6,12846210
2025-05-14,1574.0,1595.0,1569.5,1592.4,4870057
2025-05-15,1589.8,1618.6,1571.0,1613.0,11151167
2025-05-16,1612.6,1612.6,1581.5,1589.9,4576751
2025-05-19,1576.5,1585.0,1555.7,1559.8,8855798
2025-05-20,1570.0,1583.5,1558.0,1560.6,7143998
2025-05-21,1567.9,1571.0,1552.1,1568.5,4157309
2025-05-22,1555.5,1560.8,1540.0,1547.5,6158990
2025-05-23,1550.0,1587.2,1550.0,1564.8,5038421
2025-05-26,1566.6,1583.8,1562.7,1580.5,3170102
2025-05-27,1579.9,1582.9,1556.4,1570.1,7775714
2025-05-28,1581.0,1587.7,1570.0,1571.8,3623370
2025-05-29,1589.0,1608.9,1576.6,1585.6,8609500
2025-05-30,1571.0,1572.0,1555.1,1562.7,13148092
2025-06-02,1560.0,1560.0,1539.0,1553.8,4374509
2025-06-03,1559.0,1567.3,1535.6,1543.0,6853403
2025-06-04,1543.0,1557.3,1541.4,1551.2,4548307
2025-06-05,1547.9,1567.7,1541.6,1554.3,6948539
2025-06-06,1554.7,1568.9,1543.1,1563.8,3960020
2025-06-09,1578.0,1588.0,1571.0,1572.9,2903202
2025-06-10,1584.0,1607.5,1577.5,1596.0,8591925
2025-06-11,1590.1,1634.6,1590.1,1631.1,10597410
2025-06-12,1617.0,1628.0,1598.1,1608.6,10483574
2025-06-13,1576.0,1609.0,1570.2,1602.0,6968315
2025-06-16,1600.0,1634.8,1597.1,1623.8,5591842
2025-06-17,1620.7,1647.4,1615.6,1639.9,7622083
2025-06-18,1621.0,1644.7,1621.0,1632.9,5629707
2025-06-19,1623.9,1630.0,1611.5,1618.4,5147760
2025-06-20,1619.0,1630.7,1608.9,1622.9,9202821
2025-06-23,1601.0,1601.0,1575.4,1584.0,7943676
2025-06-24,1601.0,1609.0,1576.6,1581.6,8083992
2025-06-25,1590.0,1619.9,1585.1,1614.9,7813533
2025-06-26,1608.8,1624.0,1606.6,1616.0,6519233
2025-06-27,1619.0,1629.6,1602.4,1608.0,8912268
2025-06-30,1615.0,1615.0,1594.1,1601.8,6294505
2025-07-01,1609.0,1617.7,1600.5,1606.8,4178937
2025-07-02,1618.0,1649.0,1603.4,1610.5,8653641
2025-07-03,1618.5,1632.4,1615.0,1618.7,5259695
2025-07-04,1625.0,1643.4,1612.3,1640.7,4411273
2025-07-07,1640.0,1644.0,1623.0,1627.0,3294523
2025-07-08,1628.0,1646.2,1621.5,1638.7,4590681
2025-07-09,1637.8,1638.0,1623.6,1633.7,4580828
2025-07-10,1638.9,1638.9,1607.1,1615.8,5330179
2025-07-11,1579.1,1607.1,1563.0,1594.9,11391755
2025-07-14,1591.8,1591.8,1559.8,1570.3,9173426
2025-07-15,1565.1,1603.6,1564.0,1585.6,7614807
2025-07-16,1579.0,1612.0,1578.5,1607.9,6223491
2025-07-17,1598.0,1610.0,1580.1,1583.5,7374814
2025-07-18,1592.1,1599.3,1580.0,1586.1,5161833
2025-07-21,1580.0,1589.0,1566.8,1584.3,3682661
2025-07-22,1565.0,1585.8,1565.0,1570.9,8473741
2025-07-23,1576.3,1591.9,1550.0,1574.5,8035026
2025-07-24,1580.0,1582.0,1548.2,1552.5,14169664
2025-07-25,1543.4,1549.5,1511.3,1515.7,10851259
2025-07-28,1513.9,1519.3,1482.5,1516.0,6439855
2025-07-29,1512.9,1517.2,1496.1,1513.7,7070448
2025-07-30,1519.9,1521.7,1506.0,1519.0,5719051
2025-07-31,1509.7,1527.1,1497.0,1509.0,6851407
2025-08-01,1493.9,1498.7,1465.5,1469.6,8702978
2025-08-04,1461.5,1482.8,1451.0,1480.5,8610216
2025-08-05,1478.7,1478.7,1455.0,1460.3,10213323
2025-08-06,1452.0,1456.1,1430.3,1436.7,10566934
2025-08-07,1430.0,1442.0,1414.2,1436.9,9892020
2025-08-08,1425.0,1433.2,1417.1,1423.1,10048009
2025-08-11,1419.9,1433.4,1414.0,1428.2,6625368
2025-08-12,1428.2,1441.0,1421.0,1424.1,9899184
2025-08-13,1425.0,1434.0,1422.4,1426.6,10318063
2025-08-14,1426.2,1470.0,1426.2,1447.7,12902347
2025-08-18,1464.7,1464.7,1429.6,1435.8,7254561
2025-08-19,1432.7,1449.4,1432.7,1440.0,3986094
2025-08-20,1440.7,1499.0,1440.7,1496.2,10413061
2025-08-21,1508.0,1508.0,1484.3,1496.4,6565539
2025-08-22,1498.1,1504.3,1486.1,1487.5,5543397
2025-08-25,1506.7,1539.0,1506.7,1532.1,10694531
2025-08-26,1523.0,1538.4,1518.6,1529.6,15994798
2025-08-28,1529.6,1529.6,1498.0,1500.1,5443364
2025-08-29,1501.9,1501.9,1467.7,1469.6,8169075
2025-09-01,1476.7,1503.4,1476.2,1499.4,4546057
2025-09-02,1499.4,1512.8,1486.3,1498.7,5218763
2025-09-03,1500.0,1501.9,1473.0,1479.1,4623483
2025-09-04,1484.0,1484.0,1460.1,1463.0,5787724
2025-09-05,1470.0,1472.7,1433.0,1444.6,5466487
2025-09-08,1451.0,1458.0,1428.3,1432.9,3811567
2025-09-09,1481.0,1507.2,1472.5,1504.3,13072640
2025-09-10,1510.1,1534.9,1509.3,1532.6,7281071
2025-09-11,1523.9,1527.5,1506.5,1509.7,8003662
2025-09-12,1537.0,1542.9,1521.1,1525.6,12856963
2025-09-15,1525.6,1527.5,1501.2,1508.4,6167414
2025-09-16,1508.4,1514.0,1503.5,1511.3,8923112
2025-09-17,1516.9,1526.7,1514.0,1522.4,4795698
2025-09-18,1550.0,1555.0,1538.5,1540.6,9331945
2025-09-19,1544.6,1551.3,1520.1,1540.2,12988129
2025-09-22,1482.7,1514.7,1482.0,1499.5,15655204
2025-09-23,1493.0,1513.0,1493.0,1497.5,9832164
2025-09-24,1487.2,1496.7,1482.7,1494.6,4937004
2025-09-25,1489.0,1502.7,1476.5,1484.8,9491867
2025-09-26,1475.0,1478.7,1441.2,1448.9,8597058
2025-09-29,1460.0,1465.0,1436.5,1441.8,10513117
2025-09-30,1443.0,1452.2,1438.1,1441.8,7556305
2025-10-01,1446.0,1449.5,1427.4,1445.8,6250692
2025-10-03,1439.0,1448.3,1433.2,1446.6,6877533
2025-10-06,1446.6,1478.8,1442.3,1476.0,4630590
2025-10-07,1477.7,1482.9,1454.0,1458.5,5570320
2025-10-08,1457.0,1498.0,1455.0,1495.0,4657192
2025-10-09,1502.0,1514.0,1487.0,1509.3,7028753
2025-10-10,1510.0,1521.7,1498.8,1514.9,3738353
2025-10-13,1497.0,1504.7,1483.4,1493.2,5859355
2025-10-14,1499.0,1514.4,1486.5,1489.9,5600789
2025-10-15,1483.9,1488.6,1467.5,1474.4,6986098
2025-10-16,1473.9,1474.5,1460.5,1471.5,8005748
2025-10-17,1454.9,1458.4,1434.0,1441.1,16959378
2025-10-20,1453.7,1467.0,1450.0,1460.9,6994246
2025-10-21,1478.0,1486.0,1470.0,1472.4,1698704
2025-10-23,1510.0,1546.0,1506.0,1528.5,20358624
2025-10-24,1539.5,1543.0,1518.0,1525.4,8652257
2025-10-27,1510.0,1515.3,1498.1,1504.5,7273211
2025-10-28,1499.7,1506.5,1490.5,1500.2,8211019
2025-10-29,1500.2,1520.2,1496.9,1510.4,4884976
2025-10-30,1507.0,1508.2,1489.1,1493.8,5608867
2025-10-31,1490.0,1497.1,1480.7,1482.3,4819814
2025-11-03,1482.3,1491.4,1474.2,1485.5,5470600
2025-11-04,1479.7,1481.9,1462.9,1467.9,8691330
2025-11-06,1478.6,1483.0,1461.9,1466.7,7944752
2025-11-07,1470.0,1480.9,1449.1,1476.8,8765759
2025-11-10,1490.1,1520.0,1490.0,1513.5,9787975
2025-11-11,1525.0,1533.4,1511.1,1530.3,13692989
2025-11-12,1540.0,1559.2,1538.1,1551.7,14635417
2025-11-13,1557.1,1557.5,1530.3,1541.8,19655689
2025-11-14,1520.0,1530.0,1488.8,1502.8,9739549
2025-11-17,1496.0,1510.2,1492.5,1507.6,7910354
2025-11-18,1506.0,1506.0,1483.2,1486.4,7525119
2025-11-19,1490.5,1543.0,1490.5,1541.1,10981126
2025-11-20,1555.0,1555.0,1534.0,1536.5,7387584
2025-11-21,1531.0,1551.5,1526.3,1545.0,9186302
2025-11-24,1563.6,1585.0,1541.0,1548.0,19270381
2025-11-25,1549.0,1550.6,1525.9,1530.6,8107952
2025-11-26,1532.1,1560.3,1532.1,1557.9,7575038
2025-11-27,1564.0,1574.3,1552.2,1566.4,7552252
2025-11-28,1565.0,1568.4,1557.0,1560.1,4453221
2025-12-01,1562.5,1574.0,1556.0,1564.0,5341800
2025-12-02,1567.0,1579.9,1556.1,1561.0,6335969
2025-12-03,1555.1,1586.0,1554.1,1578.7,12895312
2025-12-04,1568.0,1599.0,1568.0,1597.6,12609619
2025-12-05,1610.0,1631.8,1600.0,1616.2,10344725
2025-12-08,1617.1,1630.0,1600.2,1610.8,7550413
2025-12-09,1601.2,1606.9,1582.4,1599.0,6957599
2025-12-10,1608.0,1608.0,1582.8,1584.8,5116140
2025-12-11,1598.0,1607.4,1580.5,1598.0,5159319
2025-12-12,1601.4,1601.8,1582.6,1598.2,4633912
2025-12-15,1585.0,1610.8,1585.0,1606.8,4190558
2025-12-16,1600.0,1603.0,1585.6,1592.9,5499258
2025-12-17,1587.2,1606.9,1586.0,1602.0,4817628
2025-12-18,1610.5,1630.0,1606.7,1626.8,6577293
2025-12-19,1650.0,1654.9,1629.8,1638.7,13149023
2025-12-22,1664.0,1693.2,1664.0,1689.6,23098923
2025-12-23,1679.0,1679.0,1656.4,1668.3,6593060
2025-12-24,1661.0,1667.6,1652.5,1663.4,4271167
2025-12-26,1663.4,1668.8,1651.7,1656.1,2006491
2025-12-29,1658.0,1673.1,1637.1,1644.7,4062817
2025-12-30,1647.0,1647.9,1616.8,1621.6,9395937
2025-12-31,1621.0,1628.6,1609.2,1615.4,6538656
2026-01-01,1615.4,1639.6,1614.1,1629.8,3658165
2026-01-02,1635.9,1643.5,1627.5,1640.4,2524526
2026-01-05,1637.0,1637.0,1583.1,1606.4,5917885
2026-01-06,1600.1,1619.9,1599.0,1612.2,4466729
2026-01-07,1615.0,1642.0,1615.0,1639.0,4508079
2026-01-08,1638.9,1644.3,1608.6,1613.3,3942131
2026-01-09,1610.0,1631.3,1607.0,1614.1,6816681
2026-01-12,1610.1,1613.3,1592.6,1595.9,6985362
2026-01-13,1618.0,1618.0,1586.4,1599.0,8080618
2026-01-14,1588.0,1617.0,1583.1,1599.8,7557157
2026-01-16,1663.7,1694.0,1653.4,1689.8,19335957
2026-01-19,1685.0,1685.0,1666.5,1681.2,5104958
2026-01-20,1673.0,1680.2,1652.9,1658.9,6406503
2026-01-21,1651.0,1657.0,1631.2,1654.4,6224582
2026-01-22,1666.0,1671.2,1653.8,1663.5,6228892
2026-01-23,1667.2,1675.7,1662.2,1670.8,5869137
2026-01-27,1685.8,1689.4,1661.1,1682.7,10673087
2026-01-28,1680.0,1688.8,1650.0,1666.5,8588664
2026-01-29,1658.0,1666.5,1642.1,1659.5,4749582
2026-01-30,1655.0,1655.0,1618.1,1641.0,9207926
2026-02-01,1630.0,1677.3,1604.0,1654.5,6241188
2026-02-02,1662.0,1662.0,1618.0,1629.4,6784887
2026-02-03,1727.2,1728.0,1653.0,1656.0,8805868
2026-02-04,1574.0,1584.9,1510.1,1535.8,28828622
2026-02-05,1534.0,1551.0,1515.7,1520.2,10628127
2026-02-06,1522.1,1525.0,1480.0,1507.1,13900866
2026-02-09,1522.1,1528.0,1493.0,1497.2,8294615
2026-02-10,1500.0,1515.9,1491.0,1497.8,8657000
2026-02-11,1501.2,1505.9,1469.0,1471.9,7934411
2026-02-12,1428.9,1435.7,1380.5,1386.0,26048896
2026-02-13,1293.9,1377.3,1281.5,1369.1,45785709
2026-02-16,1373.7,1376.0,1338.3,1365.6,14621891
2026-02-17,1370.0,1431.0,1367.0,1391.2,25347684
2026-02-18,1390.9,1401.0,1345.3,1373.7,20241373
2026-02-19,1385.0,1402.0,1363.2,1370.5,14574228
2026-02-20,1359.2,1365.0,1338.2,1353.2,12633552
2026-02-23,1352.0,1352.0,1318.0,1327.5,12887826
2026-02-24,1301.0,1303.6,1264.1,1275.5,27839061
2026-02-25,1286.2,1323.6,1286.2,1290.1,16669618
2026-02-26,1305.5,1314.0,1286.3,1289.1,11493914
2026-02-27,1326.3,1335.0,1294.2,1300.1,23141724
2026-03-02,1291.0,1298.8,1273.0,1288.9,9700361
2026-03-04,1292.0,1317.0,1292.0,1307.4,15154950
2026-03-05,1320.0,1320.0,1290.1,1305.8,10362147
2026-03-06,1303.0,1327.2,1303.0,1308.4,8724291
2026-03-09,1290.0,1318.0,1282.5,1315.0,10068514
2026-03-10,1320.0,1321.0,1284.1,1295.6,9600171
2026-03-11,1288.0,1299.5,1271.3,1276.3,7868891
2026-03-12,1272.5,1278.6,1258.0,1265.8,7599940
2026-03-13,1251.0,1269.6,1242.6,1248.3,7366098
2026-03-16,1240.2,1254.3,1224.2,1249.8,12314450
2026-03-17,1245.0,1245.0,1215.1,1232.9,11223276
2026-03-18,1238.0,1290.8,1234.9,1267.1,12365381
2026-03-19,1244.2,1255.0,1215.1,1220.8,9156461
2026-03-20,1242.0,1264.8,1229.2,1255.9,27299975
2026-03-23,1238.2,1261.1,1227.4,1256.8,12420293
2026-03-24,1269.0,1297.0,1251.0,1278.3,13613495
2026-03-25,1270.0,1290.6,1257.1,1279.1,10824030
2026-03-27,1285.2,1294.8,1263.2,1269.7,13092541
2026-03-30,1250.0,1265.5,1243.0,1250.6,14108486
2026-04-01,1290.0,1303.0,1269.5,1275.7,8137156
2026-04-02,1260.0,1305.4,1259.8,1300.8,12873492
2026-04-06,1301.4,1320.0,1299.0,1306.2,10208682
2026-04-07,1302.0,1345.1,1293.5,1339.4,15355792
2026-04-08,1349.0,1376.9,1331.0,1346.2,16030133
2026-04-09,1329.9,1337.5,1314.0,1331.6,14894607
2026-04-10,1318.0,1318.9,1283.3,1292.5,19233369
2026-04-13,1272.0,1289.0,1265.7,1276.8,10366082
2026-04-15,1306.3,1322.5,1300.5,1305.3,12098912
2026-04-16,1322.1,1331.0,1309.0,1319.2,18527029
2026-04-17,1313.0,1328.3,1306.1,1318.7,12064048
2026-04-20,1320.0,1324.9,1308.1,1312.6,7172300
2026-04-21,1310.0,1325.0,1299.3,1313.2,10057440
2026-04-22,1295.0,1297.7,1255.9,1268.6,20088378
2026-04-23,1254.0,1265.7,1226.0,1240.6,14792854
2026-04-24,1200.0,1223.9,1152.2,1154.6,42078914
2026-04-27,1154.6,1179.9,1154.5,1170.3,19579883
2026-04-28,1162.7,1169.4,1149.8,1152.1,12720276
2026-04-29,1158.5,1178.2,1156.8,1167.5,8303109
2026-04-30,1167.5,1189.8,1159.6,1181.8,12205669
2026-05-04,1195.0,1195.0,1165.2,1168.4,7735811
2026-05-05,1169.5,1185.2,1160.1,1178.1,8164108
2026-05-06,1187.0,1191.5,1164.1,1167.2,9856963
2026-05-07,1173.0,1175.4,1159.2,1162.7,12013987
2026-05-08,1161.0,1183.5,1158.8,1179.2,7582770
2026-05-11,1176.0,1187.0,1172.1,1177.0,7336288
2026-05-12,1162.0,1162.0,1123.0,1140.3,16891948
2026-05-13,1136.6,1142.6,1121.0,1123.1,6664111
2026-05-14,1119.8,1121.9,1089.0,1095.0,16914842
2026-05-15,1102.0,1133.2,1101.6,1119.0,17482450
2026-05-18,1119.0,1146.1,1118.0,1142.5,12096377
2026-05-19,1162.0,1198.4,1162.0,1196.9,32175705
2026-05-20,1187.0,1206.9,1184.9,1193.7,15121010
2026-05-21,1196.1,1201.8,1177.0,1181.2,10021033
2026-05-22,1182.5,1191.8,1172.5,1174.5,8803066
2026-05-25,1183.0,1185.0,1166.1,1168.5,5856136
2026-05-26,1166.3,1180.7,1162.9,1167.7,8005767
2026-05-27,1161.0,1167.3,1155.0,1159.9,6371871
2026-05-29,1182.0,1210.0,1153.6,1160.9,69085430
2026-06-01,1175.0,1217.0,1173.7,1202.5,19439331
2026-06-02,1232.5,1278.9,1232.5,1270.8,36032600
2026-06-03,1242.1,1249.9,1216.0,1222.6,18534303
2026-06-04,1208.0,1215.2,1196.2,1201.3,12755957
2026-06-05,1220.0,1223.8,1194.3,1197.5,8692290
2026-06-08,1177.5,1200.7,1176.5,1187.6,8631711
2026-06-09,1193.6,1193.6,1167.3,1180.3,10984054
2026-06-10,1160.1,1171.4,1143.3,1145.3,8887626
2026-06-11,1129.7,1133.7,1109.0,1114.6,9372176
2026-06-12,1120.0,1123.3,1111.5,1116.4,8075333
2026-06-15,1130.0,1151.0,1123.0,1134.9,7856192
2026-06-16,1136.9,1153.8,1123.2,1143.6,10456090
2026-06-17,1149.0,1162.5,1148.0,1157.7,5995119
2026-06-18,1142.9,1142.9,1125.3,1127.5,16781447
2026-06-19,1062.3,1066.0,1030.0,1051.4,45665442
2026-06-22,1055.0,1080.3,1055.0,1065.4,10178505
2026-06-23,1053.8,1055.3,1026.0,1029.3,19323064
2026-06-24,1040.9,1065.5,1037.7,1056.6,12346266
2026-06-25,1065.0,1068.0,1039.1,1041.2,15866779
2026-06-29,1037.1,1046.6,1029.1,1036.7,15080892
2026-06-30,1030.0,1030.4,996.0,1000.4,24128263
2026-07-01,1006.0,1014.0,982.4,985.3,13037982
2026-07-02,1006.4,1045.0,1006.0,1040.9,18741111
2026-07-03,1063.0,1068.7,1042.0,1047.2,11653534
2026-07-06,1050.1,1053.0,1033.0,1042.2,5559747
2026-07-07,1040.6,1087.5,1040.6,1071.8,18866296
2026-07-08,1071.9,1079.7,1064.4,1069.3,13022221
2026-07-09,1062.7,1062.7,1040.4,1050.8,9003333
2026-07-10,1075.0,1091.3,1064.7,1068.0,9747266
2026-07-13,1057.1,1114.9,1057.1,1102.6,20994760
2026-07-14,1107.8,1113.5,1090.0,1092.9,14819413
2026-07-15,1079.0,1088.1,1073.0,1076.3,8501933
2026-07-16,1082.5,1097.3,1077.9,1082.4,8592146
2026-07-17,1105.0,1116.8,1092.0,1096.5,12547728
2026-07-20,1102.0,1103.8,1083.2,1087.1,6372645
2026-07-21,1080.0,1094.5,1067.2,1073.5,9485229
2026-07-22,1064.0,1069.3,1046.2,1052.1,7517203
2026-07-23,1046.9,1058.5,1032.0,1047.4,13794578
2026-07-24,1028.0,1043.4,1013.9,1040.9,29036900
2026-07-27,1065.0,1082.0,1057.4,1079.2,15956349
2026-07-28,1097.0,1118.5,1097.0,1105.7,28100895
2026-07-29,1147.0,1164.5,1128.4,1155.6,34400369
2026-07-30,1168.0,1187.7,1151.3,1155.1,22630218
2026-07-31,1118.9,1139.3,1107.2,1130.1,14367075
2026-08-03,1145.1,1180.0,1138.1,1180.0,8582270
2026-08-04,1168.0,1175.7,1153.3,1167.5,9243589
2026-08-05,1174.7,1177.5,1162.3,1174.0,9964155
2026-08-06,1174.1,1185.8,1163.0,1165.0,8521064
2026-08-07,1160.0,1183.0,1155.6,1175.1,7581410
2026-08-10,1178.1,1195.0,1175.2,1183.0,9377001
2026-08-11,1188.0,1193.5,1182.0,1190.7,10160091
2026-08-12,1185.6,1190.4,1163.3,1176.1,7529777
2026-08-13,1170.0,1175.0,1157.0,1175.0,6234215
2026-08-14,1170.4,1174.1,1158.9,1169.2,5844763
2026-08-17,1163.9,1166.5,1129.7,1139.9,5817153
2026-08-18,1124.5,1131.9,1112.5,1115.0,8851110
2026-08-19,1125.6,1134.7,1113.8,1119.8,8408573
2026-08-20,1143.0,1144.7,1125.7,1130.0,8559841
2026-08-21,1133.0,1133.5,1118.0,1121.0,6094967
2026-08-24,1126.5,1144.5,1122.0,1130.0,8565354
2026-08-25,1132.0,1144.0,1119.9,1144.0,8121237
2026-08-26,1142.0,1142.0,1118.3,1120.0,6323984
2026-08-27,1120.0,1130.7,1107.2,1110.8,6933998
2026-08-28,1123.6,1145.0,1123.3,1144.0,9621969
2026-08-31,1138.6,1143.9,1111.1,1133.8,8808120
2026-09-01,1128.0,1156.0,1125.6,1156.0,13516123
2026-09-02,1137.7,1147.8,1118.6,1140.0,8564358
2026-09-03,1144.0,1144.0,1122.5,1130.3,5786250
2026-09-04,1133.0,1146.7,1125.4,1130.0,5881388
